1565
1907
1453
1731
1655
1787
1435
1345
1525
1595
949
1439
1495
1341
1741
1597
993
1799
244
1919
276
1029
1245
1751
1393
1347
1847
1273
392
1505
725
1471
1865
1857
1737
1721
523
1617
1671
983
1517
1301
1121
985
925
1023
1519
1465
778
1357
1899
860
1197
1329
1707
932
950
1881
1173
1883
1673
988
1547
1901
1309
1711
1096
1118
1134
1827
1753
1162
1361
1679
1198
1849
1222
1777
1441
1769
1274
1605
1310
1837
1669
1891
1743
1330
1342
1358
1789
1390
1418
1424
1434
1697
1442
1448
1665
1909
1496
1506
1514
1518
1526
1532
1534
1536
1548
1562
1793
1594
1596
1598
1885
1656
1672
1674
1680
1895
1877
1688
1698
1708
1712
1722
1752
1754
1770
1778
1788
1790
1794
1800
1828
1832
1838
1844
1846
1848
1850
1852
1858
1866
1874
1878
1882
1886
1892
1896
1900
1902
1908
1910
1920
