2269
2387
2375
1987
1525
1955
2323
2393
2371
1741
2395
2157
1927
2199
2335
392
725
1471
2295
1721
1993
2373
1671
2377
2139
925
636
2379
2209
1899
2097
1197
2223
2159
2025
2087
2073
1547
1118
2213
2359
1849
2091
1777
2181
1274
2063
2325
1951
2333
1442
1448
1909
1506
2259
2253
1933
1548
1929
1596
1959
2067
1672
2117
2185
2275
1708
1712
1722
2013
2121
1770
1788
1790
2345
1800
2043
2217
2307
2225
2279
1900
2403
1930
1960
2299
1994
2313
2227
2229
2044
2327
2261
2084
2385
2094
2281
2265
2293
2417
2140
2150
2152
2158
2405
2164
2182
2186
2194
2200
2208
2210
2214
2218
2224
2226
2228
2254
2260
2262
2266
2276
2280
2282
2294
2296
2300
2308
2310
2314
2324
2326
2328
2334
2336
2346
2350
2360
2372
2376
2378
2380
2386
2388
2394
2396
2404
2406
2410
2418
