2045
1907
1453
1655
807
1987
1525
1955
949
1937
1495
1341
1741
2039
993
1799
1927
1919
276
1751
2015
1347
1273
392
725
1471
1865
1737
1721
1993
532
1671
983
1517
1301
1121
925
1023
2005
1963
1899
860
1197
1329
1707
950
2025
1593
1883
1687
2073
1547
1901
2007
1965
1118
1827
1753
1945
1361
1198
1849
1222
1777
1441
1769
1274
1605
1310
2063
1669
1330
1342
1358
1789
1951
1418
1424
1697
1442
1448
1909
1496
1506
1514
1518
1526
2029
1933
1548
1929
1793
1596
1959
2067
1656
1672
1674
2009
1895
1877
1698
1708
1712
1722
2013
1752
1754
1770
1778
1788
1790
2069
1800
1844
1846
2043
1850
1858
1866
1874
1878
1882
1886
1892
1896
1900
1902
1908
1910
1928
1930
1934
1938
1952
1956
1960
1964
1966
1988
1994
2006
2008
2010
2014
2016
2026
2030
2040
2044
2064
2068
2074
