1907
1453
807
2123
1987
1525
1955
949
1937
1495
2111
1741
2039
2157
1927
1919
276
2095
2015
1273
392
725
1471
1737
1721
1993
532
1671
983
1517
1301
2139
925
1023
2005
1963
1899
2097
1197
2149
1707
2159
2025
1593
1883
2087
2073
1547
2007
1118
1753
1945
1361
1849
2091
1777
1441
1274
2099
2083
2063
2163
1789
1951
2151
1697
1442
1448
1909
1506
1514
1518
1526
2029
1933
1548
1929
1793
1596
1959
2067
1656
1672
2117
2009
1895
1698
1708
1712
1722
1726
2013
2121
1754
1770
1778
1788
1790
2069
1800
2147
1844
2043
1858
1866
2093
1882
1892
1900
1902
1928
1930
1934
1952
1960
1966
1988
1994
2006
2008
2010
2014
2026
2030
2040
2044
2062
2064
2068
2070
2074
2084
2086
2090
2092
2094
2096
2098
2112
2122
2140
2150
2152
2158
2160
2164
