1907
1453
1655
1987
1525
1955
949
1937
1495
1341
1741
1597
993
1799
1927
1919
276
1029
1751
1393
1347
1847
1273
392
725
1471
1865
1737
1721
1993
1671
983
1301
1121
985
925
1995
1023
1519
1963
1357
1327
1899
860
1197
1329
1707
932
950
1881
1173
1883
1687
988
1547
1901
1309
1711
1965
1118
1827
1753
1945
1361
1679
1198
1849
1222
1777
1441
1769
1274
1605
1310
1837
1669
1891
1330
1342
1358
1789
1951
1418
1424
1697
1442
1448
1909
1496
1506
1514
1518
1526
1532
1953
1933
1548
1929
1793
1596
1959
1885
1656
1672
1674
1680
1895
1877
1698
1708
1712
1722
1752
1754
1770
1778
1788
1790
1794
1800
1838
1844
1848
1850
1858
1866
1874
1878
1882
1886
1892
1896
1900
1902
1908
1910
1920
1928
1930
1934
1938
1952
1954
1956
1960
1964
1966
1988
1994
