2269
2613
2627
2123
1955
2323
2393
2739
2371
2395
2655
1927
2487
392
725
1471
2633
2757
2725
1671
1413
925
2209
1899
1197
2579
2591
2707
2629
2091
1777
1274
2347
2063
2657
2555
2471
2441
2253
1933
1929
2651
2461
2783
1672
2185
2275
2713
2601
2681
2485
1788
1790
2345
2719
2729
2465
2701
2575
2769
2595
2689
1960
2623
2044
2062
2675
2583
2711
2683
2417
2479
2529
2771
2405
2182
2493
2200
2735
2210
2214
2218
2224
2691
2228
2661
2254
2515
2699
2721
2282
2294
2745
2685
2308
2318
2324
2326
2639
2334
2336
2679
2372
2378
2380
2386
2388
2394
2677
2406
2442
2462
2747
2755
2486
2494
2508
2779
2530
2556
2781
2576
2580
2584
2590
2592
2596
2602
2614
2624
2628
2630
2640
2644
2652
2656
2658
2678
2680
2682
2684
2686
2690
2700
2702
2708
2712
2714
2720
2722
2726
2730
2736
2740
2746
2756
2770
2772
2782
2784
