2269
2387
2375
2207
2123
1987
2557
1955
2323
2371
2395
2157
1927
2487
2335
392
725
1471
1721
2283
1993
2373
1671
2377
1413
925
2483
2209
1899
2097
1197
2579
2591
2087
1118
2359
1849
2091
1777
2181
1274
2347
2063
2325
2333
2471
2441
1506
2253
1933
1929
1596
2461
2565
2067
1672
2185
2275
1708
1712
2601
2013
2121
2485
1788
1790
2345
2495
2291
2217
2307
2575
2279
2595
2403
1930
1960
2313
2044
2062
2084
2583
2281
2265
2417
2479
2529
2158
2405
2164
2182
2493
2200
2208
2210
2214
2218
2224
2228
2230
2254
2515
2262
2276
2282
2294
2296
2300
2308
2310
2318
2324
2326
2328
2334
2336
2346
2372
2376
2378
2380
2386
2388
2394
2589
2404
2406
2418
2442
2462
2472
2486
2488
2494
2496
2516
2518
2530
2556
2558
2576
2580
2584
2590
2592
2596
2602
