2269
1907
1453
2207
2123
1987
1525
1955
2323
1937
1739
1495
2111
1741
2039
2131
2157
1927
2199
2015
1273
392
725
1471
2295
1721
1993
1671
1517
2139
1413
925
1023
2209
1327
1899
2097
1197
2149
2223
2159
2025
2087
2073
1547
1118
2213
1361
2263
1849
2091
1777
2181
1274
2063
2163
2325
1951
2333
1442
1909
1506
1514
2259
2253
1933
1548
1929
1596
1959
2067
1652
1672
2117
2185
2275
1708
1712
1722
2013
2121
1770
1788
1790
2069
1800
2043
2217
2307
2225
2279
1900
1902
1930
1938
1960
2299
1988
1994
2313
2227
2026
2030
2229
2044
2327
2261
2070
2084
2086
2092
2094
2281
2265
2293
2122
2140
2150
2152
2158
2160
2164
2182
2186
2194
2200
2208
2210
2214
2218
2224
2226
2228
2230
2254
2256
2260
2262
2266
2276
2280
2282
2294
2296
2300
2308
2310
2314
2324
2326
2328
2334
