2269
2387
2375
2123
1987
1525
1955
2323
2393
2371
2395
2157
1927
2487
2335
392
725
1471
2295
1721
1993
2373
1671
2377
925
2483
2379
2209
1899
2097
1197
2223
2025
2087
1547
1118
2213
2359
1849
2091
1777
2181
1274
2347
2063
2325
1951
2333
2471
2441
1506
2253
1933
1929
1596
2461
2067
1672
2185
2275
1708
1712
1722
2013
2121
2485
1788
1790
2345
2495
2217
2465
2307
2225
2279
1900
2403
1930
1960
1994
2313
2227
2044
2062
2327
2261
2070
2385
2281
2265
2293
2417
2140
2150
2158
2405
2164
2182
2493
2200
2208
2210
2214
2218
2224
2226
2228
2254
2515
2262
2276
2294
2296
2300
2308
2310
2314
2324
2326
2328
2334
2336
2346
2372
2376
2378
2380
2386
2388
2394
2396
2404
2406
2410
2418
2442
2462
2472
2484
2486
2488
2494
2496
2516
