1297
1907
1453
2207
2123
1987
1525
1955
949
1937
1739
1495
2111
1741
2039
2131
993
2157
1927
2199
276
2095
2015
1273
392
725
1471
1737
1721
1993
1671
1517
1301
2139
925
1995
1023
2005
2209
1327
1831
1899
2097
1197
2149
2223
2159
2025
2087
2073
1547
1118
2213
1945
1361
1849
2091
1777
2181
1274
2099
2063
2163
1789
1951
2151
1697
1442
1448
1909
1506
1514
1526
2029
1933
1548
1929
1793
1596
1959
2067
1656
1672
2117
2185
1698
1708
1712
1722
2013
2121
1770
1788
1790
2069
1800
2147
2043
2217
2093
2225
1892
1900
1902
1930
1934
1938
1960
1966
1988
1994
2006
2008
2227
2219
2026
2030
2229
2044
2062
2064
2068
2070
2084
2086
2090
2092
2094
2096
2098
2112
2122
2140
2150
2152
2158
2160
2164
2182
2186
2194
2200
2208
2210
2214
2218
2224
2226
2228
2230
