2269
2387
2613
2627
2123
2557
1955
2323
2393
1739
2371
2395
2655
1927
2487
392
725
1471
2633
2283
1993
1671
2377
1413
925
2209
1899
1197
2579
2591
2087
1901
1118
2629
1849
2091
1777
2181
1274
2063
2657
2333
2471
2441
2253
1933
1929
2651
2461
2565
2067
1672
2185
2275
1708
2601
2681
2485
1788
1790
2345
2495
2291
2217
2701
2575
2279
2595
2689
1930
1960
2623
2044
2062
2675
2583
2281
2683
2417
2479
2529
2158
2405
2182
2493
2200
2208
2210
2214
2218
2224
2691
2228
2661
2254
2515
2699
2276
2282
2294
2296
2685
2308
2318
2324
2326
2639
2334
2336
2679
2372
2643
2378
2380
2386
2388
2394
2589
2677
2406
2442
2462
2472
2486
2494
2530
2556
2558
2576
2580
2584
2590
2592
2596
2602
2614
2624
2628
2630
2640
2644
2652
2656
2658
2672
2678
2680
2684
2686
2690
2700
2702
