1814
1910
1104
2486
2226
1364
2362
2390
2228
2198
1302
1848
2374
2164
2434
2112
2436
1746
801
2382
2320
1360
2396
2258
2148
1025
2292
1958
2102
1123
2408
2372
2336
2010
2238
1504
2364
2376
1962
2482
2202
2474
2186
1642
2024
2254
2242
2378
2330
2462
1579
2266
2344
2440
2074
1647
2000
1677
2098
2510
2314
2268
1966
2504
1739
1986
1747
1815
2360
2384
2014
2030
1905
2246
2414
1913
1919
2334
1959
2422
1979
1987
2001
2178
2015
2017
2328
2025
2037
2260
2081
2099
2324
2127
2165
2492
2187
2189
2199
2201
2223
2227
2229
2239
2247
2454
2261
2267
2269
2275
2291
2293
2315
2319
2321
2325
2331
2335
2337
2345
2355
2357
2361
2363
2365
2373
2377
2379
2383
2385
2391
2393
2397
2409
2415
2423
2435
2441
2455
2463
2475
2483
2487
2493
2505
2511
2519
