1814
1910
986
1104
800
2226
1364
1838
1846
1944
2274
2228
2198
2318
1302
1848
2250
1604
2164
543
1310
916
2112
2080
597
1746
801
1226
2320
1360
2100
2002
2258
1294
2148
1025
2200
2292
1958
2102
1123
1432
1912
2336
2010
2238
1504
1233
2018
1708
2016
2202
1634
2058
2180
2186
1642
2024
2254
2242
1840
1806
2330
1519
1579
2266
2344
1842
1647
2000
2126
1677
2098
2092
2314
2268
1966
2222
1739
1986
1747
2088
1976
1815
1819
1823
1827
2014
2036
2030
2246
1911
1913
1919
2334
1947
1959
1961
1967
1977
1979
1987
2001
2178
2011
2015
2017
2328
2025
2031
2037
2051
2260
2059
2075
2081
2099
2290
2324
2113
2127
2149
2165
2179
2181
2187
2189
2199
2201
2203
2223
2227
2229
2239
2247
2251
2253
2255
2259
2261
2267
2269
2275
2291
2293
2315
2319
2321
2325
2331
2335
2337
2345
