1814
1910
2486
2544
1364
2362
2390
2228
2562
1302
1848
2374
2434
2112
2436
597
1746
801
2382
2584
2594
2396
2258
2148
1025
2292
2102
1123
2408
2372
2010
2238
1504
2364
2552
2482
2474
2186
1642
2024
2254
2378
2330
2462
1579
2266
2344
2440
1647
2000
1677
2098
2510
2314
2560
1966
2504
1986
1747
1815
2360
2384
2014
2540
1905
2246
2414
1913
1919
2334
2422
2542
1987
2001
2178
2015
2017
2328
2260
2081
2532
2324
2127
2165
2492
2187
2580
2201
2223
2227
2229
2239
2247
2454
2261
2267
2269
2586
2293
2315
2319
2321
2325
2337
2355
2357
2361
2365
2373
2548
2379
2383
2385
2391
2393
2397
2409
2582
2423
2435
2441
2455
2463
2475
2483
2487
2493
2505
2511
2533
2535
2539
2541
2543
2545
2547
2549
2553
2555
2561
2563
2581
2583
2585
2587
2595
