1650
1814
1722
884
672
986
1104
800
1126
1678
1810
1576
1754
762
1028
1364
1838
1846
1136
1688
1476
1030
702
1530
1690
1024
802
452
1302
1848
476
1590
1744
1604
1562
1770
684
543
1310
579
972
596
1772
1214
1716
1746
1718
801
1226
1606
867
1410
1246
1724
1648
1294
1656
1025
1396
1494
1047
1734
1578
1738
1458
1091
1570
1123
1432
1684
1161
1398
1181
1486
1504
1233
1275
1792
1307
1524
1818
1343
1708
1850
1600
1361
1710
1634
1391
1654
1676
1786
1642
1826
1411
1696
1702
1433
1451
1840
1473
1477
1806
1505
1519
1531
1551
1563
1577
1579
1581
1591
1601
1822
1635
1842
1645
1647
1649
1655
1657
1677
1679
1689
1697
1699
1709
1717
1721
1723
1725
1735
1739
1745
1747
1755
1771
1773
1787
1793
1811
1815
1819
1823
1827
1839
1841
1843
1847
1849
