1650
1814
1910
986
1104
800
1126
1678
1810
1576
762
1028
1364
1838
1846
1944
1476
1956
702
2008
1024
802
452
1302
1848
2054
1590
1770
543
1310
579
972
2080
1716
1746
801
1226
1606
1974
2042
1360
1946
1932
2002
1724
1648
1294
1656
1025
1396
1878
1958
1738
1918
1123
1432
1912
1398
2010
2050
1504
1233
2018
1818
1928
1708
1600
1361
1710
1634
2058
1654
1786
1642
2024
1940
1696
1950
1840
1473
1806
1505
1519
1577
1579
1581
1906
1601
1822
1842
2074
1647
1649
2000
1677
1679
1717
2012
1966
1735
1739
2020
1986
1747
1976
1793
1807
1811
1815
1819
1827
2014
2036
2030
1879
1905
1907
1911
1913
1919
1929
1945
1947
1951
1957
1959
1963
1967
1977
1979
1987
2001
2003
2009
2013
2015
2017
2019
2023
2025
2031
2037
2043
2051
2055
2059
2081
