1814
1910
986
1104
800
2226
1678
762
1364
1838
1846
1944
1476
1956
702
2228
2198
452
1302
1848
2250
1604
2164
543
1310
2112
2080
597
1746
801
1226
1606
1360
2100
2002
2258
1294
2148
1025
2200
1878
1958
1578
2102
1123
1432
1912
1398
2010
2238
1504
1233
2018
1708
2202
1634
2058
2180
2186
1642
2024
2254
2242
1840
1473
1806
1505
1519
1531
1577
1579
2266
1906
1601
1842
1647
2000
2126
1677
2098
2092
1717
2268
1966
2222
1739
2020
1986
1747
2088
1976
1807
1815
1819
1827
2014
2036
2030
2246
1911
1913
1919
1929
1945
1947
1959
1967
1977
1979
1987
2001
2178
2011
2015
2017
2021
2025
2031
2037
2043
2051
2260
2059
2071
2075
2081
2099
2101
2103
2109
2113
2127
2149
2165
2179
2181
2183
2187
2199
2201
2203
2223
2227
2229
2239
2247
2251
2253
2255
2259
2261
2267
2269
