1650
1814
672
986
1104
800
1126
1678
1810
1576
762
1028
1364
1838
1846
1944
1476
1956
702
2008
1024
802
452
1302
1848
476
1590
1770
684
543
1310
579
972
596
1716
1746
1718
801
1226
1606
1974
867
1360
1946
2002
1724
1648
1294
1656
1025
1396
1878
1958
1734
1738
1918
1123
1432
1684
1912
1398
2010
1870
1504
1233
2018
1524
1818
1928
1708
1600
1361
1710
1634
1391
1654
1978
1786
1642
2024
1940
1696
1960
1950
1840
1473
1806
1505
1519
1531
1904
1563
1577
1579
1581
1906
1601
1822
1842
1645
1647
1649
2000
1657
1677
1679
1689
1697
1717
2012
1966
1735
1739
2020
1986
1747
1976
1787
1793
1807
1811
1815
1819
1827
2014
1843
1847
1849
1871
1879
1907
1911
1913
1919
1921
1929
1941
1945
1947
1951
1957
1959
1961
1963
1967
1977
1979
1987
2001
2003
2009
2011
2013
2015
2017
2019
2023
2025
